uniao_uniao_varName_attr_strValue
16
0
4,8,12
i,d,_,a,b,c,e,f,g,h,j,k,l,m,n,o,p,q,r,s,t,u,v,w,x,y,z,0,1,2,3,4,5,6,7,8,9,=,",B,C,D,E,F,G,H,I,J,K,L,M,N,O,P,Q,R,S,T,U,V,W,X,Y,Z
0,i,1
0,d,2
0,_,3
0,a,2
0,b,2
0,c,2
0,e,2
0,f,2
0,g,2
0,h,2
0,j,2
0,k,2
0,l,2
0,m,2
0,n,2
0,o,2
0,p,2
0,q,2
0,r,2
0,s,2
0,t,2
0,u,2
0,v,2
0,w,2
0,x,2
0,y,2
0,z,2
0,0,3
0,1,3
0,2,3
0,3,3
0,4,3
0,5,3
0,6,3
0,7,3
0,8,3
0,9,3
0,=,4
0,",5
0,B,6
0,C,6
0,D,6
0,E,6
0,F,6
0,G,6
0,H,6
0,I,6
0,J,6
0,K,6
0,L,6
0,M,6
0,N,6
0,O,6
0,P,6
0,Q,6
0,R,6
0,S,6
0,T,6
0,U,6
0,V,6
0,W,6
0,X,6
0,Y,6
0,Z,6
1,i,13
1,d,13
1,_,3
1,a,13
1,b,13
1,c,13
1,e,13
1,f,13
1,g,13
1,h,13
1,j,13
1,k,13
1,l,13
1,m,13
1,n,13
1,o,13
1,p,13
1,q,13
1,r,13
1,s,13
1,t,13
1,u,13
1,v,13
1,w,13
1,x,13
1,y,13
1,z,13
1,0,3
1,1,3
1,2,3
1,3,3
1,4,3
1,5,3
1,6,3
1,7,3
1,8,3
1,9,3
1,=,9
1,",8
1,B,5
1,C,5
1,D,5
1,E,5
1,F,5
1,G,5
1,H,5
1,I,5
1,J,5
1,K,5
1,L,5
1,M,5
1,N,5
1,O,5
1,P,5
1,Q,5
1,R,5
1,S,5
1,T,5
1,U,5
1,V,5
1,W,5
1,X,5
1,Y,5
1,Z,5
2,i,13
2,d,14
2,_,3
2,a,13
2,b,13
2,c,13
2,e,13
2,f,13
2,g,13
2,h,13
2,j,13
2,k,13
2,l,13
2,m,13
2,n,13
2,o,13
2,p,13
2,q,13
2,r,13
2,s,13
2,t,13
2,u,13
2,v,13
2,w,13
2,x,13
2,y,13
2,z,13
2,0,3
2,1,3
2,2,3
2,3,3
2,4,3
2,5,3
2,6,3
2,7,3
2,8,3
2,9,3
2,=,9
2,",8
2,B,5
2,C,5
2,D,5
2,E,5
2,F,5
2,G,5
2,H,5
2,I,5
2,J,5
2,K,5
2,L,5
2,M,5
2,N,5
2,O,5
2,P,5
2,Q,5
2,R,5
2,S,5
2,T,5
2,U,5
2,V,5
2,W,5
2,X,5
2,Y,5
2,Z,5
3,i,3
3,d,11
3,_,3
3,a,3
3,b,3
3,c,3
3,e,3
3,f,3
3,g,3
3,h,3
3,j,3
3,k,3
3,l,3
3,m,3
3,n,3
3,o,3
3,p,3
3,q,3
3,r,3
3,s,3
3,t,3
3,u,3
3,v,3
3,w,3
3,x,3
3,y,3
3,z,3
3,0,3
3,1,3
3,2,3
3,3,3
3,4,3
3,5,3
3,6,3
3,7,3
3,8,3
3,9,3
3,=,9
3,",7
3,B,7
3,C,7
3,D,7
3,E,7
3,F,7
3,G,7
3,H,7
3,I,7
3,J,7
3,K,7
3,L,7
3,M,7
3,N,7
3,O,7
3,P,7
3,Q,7
3,R,7
3,S,7
3,T,7
3,U,7
3,V,7
3,W,7
3,X,7
3,Y,7
3,Z,7
4,i,9
4,d,9
4,_,9
4,a,9
4,b,9
4,c,9
4,e,9
4,f,9
4,g,9
4,h,9
4,j,9
4,k,9
4,l,9
4,m,9
4,n,9
4,o,9
4,p,9
4,q,9
4,r,9
4,s,9
4,t,9
4,u,9
4,v,9
4,w,9
4,x,9
4,y,9
4,z,9
4,0,9
4,1,9
4,2,9
4,3,9
4,4,9
4,5,9
4,6,9
4,7,9
4,8,9
4,9,9
4,=,10
4,",7
4,B,7
4,C,7
4,D,7
4,E,7
4,F,7
4,G,7
4,H,7
4,I,7
4,J,7
4,K,7
4,L,7
4,M,7
4,N,7
4,O,7
4,P,7
4,Q,7
4,R,7
4,S,7
4,T,7
4,U,7
4,V,7
4,W,7
4,X,7
4,Y,7
4,Z,7
5,i,6
5,d,6
5,_,7
5,a,6
5,b,6
5,c,6
5,e,6
5,f,6
5,g,6
5,h,6
5,j,6
5,k,6
5,l,6
5,m,6
5,n,6
5,o,6
5,p,6
5,q,6
5,r,6
5,s,6
5,t,6
5,u,6
5,v,6
5,w,6
5,x,6
5,y,6
5,z,6
5,0,7
5,1,7
5,2,7
5,3,7
5,4,7
5,5,7
5,6,7
5,7,7
5,8,7
5,9,7
5,=,7
5,",6
5,B,6
5,C,6
5,D,6
5,E,6
5,F,6
5,G,6
5,H,6
5,I,6
5,J,6
5,K,6
5,L,6
5,M,6
5,N,6
5,O,6
5,P,6
5,Q,6
5,R,6
5,S,6
5,T,6
5,U,6
5,V,6
5,W,6
5,X,6
5,Y,6
5,Z,6
6,i,5
6,d,5
6,_,7
6,a,5
6,b,5
6,c,5
6,e,5
6,f,5
6,g,5
6,h,5
6,j,5
6,k,5
6,l,5
6,m,5
6,n,5
6,o,5
6,p,5
6,q,5
6,r,5
6,s,5
6,t,5
6,u,5
6,v,5
6,w,5
6,x,5
6,y,5
6,z,5
6,0,7
6,1,7
6,2,7
6,3,7
6,4,7
6,5,7
6,6,7
6,7,7
6,8,7
6,9,7
6,=,7
6,",8
6,B,5
6,C,5
6,D,5
6,E,5
6,F,5
6,G,5
6,H,5
6,I,5
6,J,5
6,K,5
6,L,5
6,M,5
6,N,5
6,O,5
6,P,5
6,Q,5
6,R,5
6,S,5
6,T,5
6,U,5
6,V,5
6,W,5
6,X,5
6,Y,5
6,Z,5
7,i,7
7,d,7
7,_,7
7,a,7
7,b,7
7,c,7
7,e,7
7,f,7
7,g,7
7,h,7
7,j,7
7,k,7
7,l,7
7,m,7
7,n,7
7,o,7
7,p,7
7,q,7
7,r,7
7,s,7
7,t,7
7,u,7
7,v,7
7,w,7
7,x,7
7,y,7
7,z,7
7,0,7
7,1,7
7,2,7
7,3,7
7,4,7
7,5,7
7,6,7
7,7,7
7,8,7
7,9,7
7,=,7
7,",7
7,B,7
7,C,7
7,D,7
7,E,7
7,F,7
7,G,7
7,H,7
7,I,7
7,J,7
7,K,7
7,L,7
7,M,7
7,N,7
7,O,7
7,P,7
7,Q,7
7,R,7
7,S,7
7,T,7
7,U,7
7,V,7
7,W,7
7,X,7
7,Y,7
7,Z,7
8,i,6
8,d,6
8,_,7
8,a,6
8,b,6
8,c,6
8,e,6
8,f,6
8,g,6
8,h,6
8,j,6
8,k,6
8,l,6
8,m,6
8,n,6
8,o,6
8,p,6
8,q,6
8,r,6
8,s,6
8,t,6
8,u,6
8,v,6
8,w,6
8,x,6
8,y,6
8,z,6
8,0,7
8,1,7
8,2,7
8,3,7
8,4,7
8,5,7
8,6,7
8,7,7
8,8,7
8,9,7
8,=,7
8,",6
8,B,6
8,C,6
8,D,6
8,E,6
8,F,6
8,G,6
8,H,6
8,I,6
8,J,6
8,K,6
8,L,6
8,M,6
8,N,6
8,O,6
8,P,6
8,Q,6
8,R,6
8,S,6
8,T,6
8,U,6
8,V,6
8,W,6
8,X,6
8,Y,6
8,Z,6
9,i,9
9,d,9
9,_,9
9,a,9
9,b,9
9,c,9
9,e,9
9,f,9
9,g,9
9,h,9
9,j,9
9,k,9
9,l,9
9,m,9
9,n,9
9,o,9
9,p,9
9,q,9
9,r,9
9,s,9
9,t,9
9,u,9
9,v,9
9,w,9
9,x,9
9,y,9
9,z,9
9,0,9
9,1,9
9,2,9
9,3,9
9,4,9
9,5,9
9,6,9
9,7,9
9,8,9
9,9,9
9,=,9
9,",7
9,B,7
9,C,7
9,D,7
9,E,7
9,F,7
9,G,7
9,H,7
9,I,7
9,J,7
9,K,7
9,L,7
9,M,7
9,N,7
9,O,7
9,P,7
9,Q,7
9,R,7
9,S,7
9,T,7
9,U,7
9,V,7
9,W,7
9,X,7
9,Y,7
9,Z,7
10,i,9
10,d,9
10,_,9
10,a,9
10,b,9
10,c,9
10,e,9
10,f,9
10,g,9
10,h,9
10,j,9
10,k,9
10,l,9
10,m,9
10,n,9
10,o,9
10,p,9
10,q,9
10,r,9
10,s,9
10,t,9
10,u,9
10,v,9
10,w,9
10,x,9
10,y,9
10,z,9
10,0,9
10,1,9
10,2,9
10,3,9
10,4,9
10,5,9
10,6,9
10,7,9
10,8,9
10,9,9
10,=,10
10,",7
10,B,7
10,C,7
10,D,7
10,E,7
10,F,7
10,G,7
10,H,7
10,I,7
10,J,7
10,K,7
10,L,7
10,M,7
10,N,7
10,O,7
10,P,7
10,Q,7
10,R,7
10,S,7
10,T,7
10,U,7
10,V,7
10,W,7
10,X,7
10,Y,7
10,Z,7
11,i,3
11,d,3
11,_,12
11,a,3
11,b,3
11,c,3
11,e,3
11,f,3
11,g,3
11,h,3
11,j,3
11,k,3
11,l,3
11,m,3
11,n,3
11,o,3
11,p,3
11,q,3
11,r,3
11,s,3
11,t,3
11,u,3
11,v,3
11,w,3
11,x,3
11,y,3
11,z,3
11,0,3
11,1,3
11,2,3
11,3,3
11,4,3
11,5,3
11,6,3
11,7,3
11,8,3
11,9,3
11,=,9
11,",7
11,B,7
11,C,7
11,D,7
11,E,7
11,F,7
11,G,7
11,H,7
11,I,7
11,J,7
11,K,7
11,L,7
11,M,7
11,N,7
11,O,7
11,P,7
11,Q,7
11,R,7
11,S,7
11,T,7
11,U,7
11,V,7
11,W,7
11,X,7
11,Y,7
11,Z,7
12,i,12
12,d,12
12,_,3
12,a,12
12,b,12
12,c,12
12,e,12
12,f,12
12,g,12
12,h,12
12,j,12
12,k,12
12,l,12
12,m,12
12,n,12
12,o,12
12,p,12
12,q,12
12,r,12
12,s,12
12,t,12
12,u,12
12,v,12
12,w,12
12,x,12
12,y,12
12,z,12
12,0,12
12,1,12
12,2,12
12,3,12
12,4,12
12,5,12
12,6,12
12,7,12
12,8,12
12,9,12
12,=,9
12,",7
12,B,7
12,C,7
12,D,7
12,E,7
12,F,7
12,G,7
12,H,7
12,I,7
12,J,7
12,K,7
12,L,7
12,M,7
12,N,7
12,O,7
12,P,7
12,Q,7
12,R,7
12,S,7
12,T,7
12,U,7
12,V,7
12,W,7
12,X,7
12,Y,7
12,Z,7
13,i,2
13,d,15
13,_,3
13,a,2
13,b,2
13,c,2
13,e,2
13,f,2
13,g,2
13,h,2
13,j,2
13,k,2
13,l,2
13,m,2
13,n,2
13,o,2
13,p,2
13,q,2
13,r,2
13,s,2
13,t,2
13,u,2
13,v,2
13,w,2
13,x,2
13,y,2
13,z,2
13,0,3
13,1,3
13,2,3
13,3,3
13,4,3
13,5,3
13,6,3
13,7,3
13,8,3
13,9,3
13,=,9
13,",6
13,B,6
13,C,6
13,D,6
13,E,6
13,F,6
13,G,6
13,H,6
13,I,6
13,J,6
13,K,6
13,L,6
13,M,6
13,N,6
13,O,6
13,P,6
13,Q,6
13,R,6
13,S,6
13,T,6
13,U,6
13,V,6
13,W,6
13,X,6
13,Y,6
13,Z,6
14,i,2
14,d,2
14,_,12
14,a,2
14,b,2
14,c,2
14,e,2
14,f,2
14,g,2
14,h,2
14,j,2
14,k,2
14,l,2
14,m,2
14,n,2
14,o,2
14,p,2
14,q,2
14,r,2
14,s,2
14,t,2
14,u,2
14,v,2
14,w,2
14,x,2
14,y,2
14,z,2
14,0,3
14,1,3
14,2,3
14,3,3
14,4,3
14,5,3
14,6,3
14,7,3
14,8,3
14,9,3
14,=,9
14,",6
14,B,6
14,C,6
14,D,6
14,E,6
14,F,6
14,G,6
14,H,6
14,I,6
14,J,6
14,K,6
14,L,6
14,M,6
14,N,6
14,O,6
14,P,6
14,Q,6
14,R,6
14,S,6
14,T,6
14,U,6
14,V,6
14,W,6
14,X,6
14,Y,6
14,Z,6
15,i,13
15,d,13
15,_,12
15,a,13
15,b,13
15,c,13
15,e,13
15,f,13
15,g,13
15,h,13
15,j,13
15,k,13
15,l,13
15,m,13
15,n,13
15,o,13
15,p,13
15,q,13
15,r,13
15,s,13
15,t,13
15,u,13
15,v,13
15,w,13
15,x,13
15,y,13
15,z,13
15,0,3
15,1,3
15,2,3
15,3,3
15,4,3
15,5,3
15,6,3
15,7,3
15,8,3
15,9,3
15,=,9
15,",8
15,B,5
15,C,5
15,D,5
15,E,5
15,F,5
15,G,5
15,H,5
15,I,5
15,J,5
15,K,5
15,L,5
15,M,5
15,N,5
15,O,5
15,P,5
15,Q,5
15,R,5
15,S,5
15,T,5
15,U,5
15,V,5
15,W,5
15,X,5
15,Y,5
15,Z,5