uniao_uniao_uniao_varName_attr_strValue_intValue
18
0
5,9,13,17
&,i,d,_,a,b,c,e,f,g,h,j,k,l,m,n,o,p,q,r,s,t,u,v,w,x,y,z,0,1,2,3,4,5,6,7,8,9,=,",B,C,D,E,F,G,H,I,J,K,L,M,N,O,P,Q,R,S,T,U,V,W,X,Y,Z
0,&,[1, 17]
1,i,2
1,d,3
1,_,4
1,a,3
1,b,3
1,c,3
1,e,3
1,f,3
1,g,3
1,h,3
1,j,3
1,k,3
1,l,3
1,m,3
1,n,3
1,o,3
1,p,3
1,q,3
1,r,3
1,s,3
1,t,3
1,u,3
1,v,3
1,w,3
1,x,3
1,y,3
1,z,3
1,0,4
1,1,4
1,2,4
1,3,4
1,4,4
1,5,4
1,6,4
1,7,4
1,8,4
1,9,4
1,=,5
1,",6
1,B,7
1,C,7
1,D,7
1,E,7
1,F,7
1,G,7
1,H,7
1,I,7
1,J,7
1,K,7
1,L,7
1,M,7
1,N,7
1,O,7
1,P,7
1,Q,7
1,R,7
1,S,7
1,T,7
1,U,7
1,V,7
1,W,7
1,X,7
1,Y,7
1,Z,7
2,i,14
2,d,14
2,_,4
2,a,14
2,b,14
2,c,14
2,e,14
2,f,14
2,g,14
2,h,14
2,j,14
2,k,14
2,l,14
2,m,14
2,n,14
2,o,14
2,p,14
2,q,14
2,r,14
2,s,14
2,t,14
2,u,14
2,v,14
2,w,14
2,x,14
2,y,14
2,z,14
2,0,4
2,1,4
2,2,4
2,3,4
2,4,4
2,5,4
2,6,4
2,7,4
2,8,4
2,9,4
2,=,10
2,",9
2,B,6
2,C,6
2,D,6
2,E,6
2,F,6
2,G,6
2,H,6
2,I,6
2,J,6
2,K,6
2,L,6
2,M,6
2,N,6
2,O,6
2,P,6
2,Q,6
2,R,6
2,S,6
2,T,6
2,U,6
2,V,6
2,W,6
2,X,6
2,Y,6
2,Z,6
3,i,14
3,d,15
3,_,4
3,a,14
3,b,14
3,c,14
3,e,14
3,f,14
3,g,14
3,h,14
3,j,14
3,k,14
3,l,14
3,m,14
3,n,14
3,o,14
3,p,14
3,q,14
3,r,14
3,s,14
3,t,14
3,u,14
3,v,14
3,w,14
3,x,14
3,y,14
3,z,14
3,0,4
3,1,4
3,2,4
3,3,4
3,4,4
3,5,4
3,6,4
3,7,4
3,8,4
3,9,4
3,=,10
3,",9
3,B,6
3,C,6
3,D,6
3,E,6
3,F,6
3,G,6
3,H,6
3,I,6
3,J,6
3,K,6
3,L,6
3,M,6
3,N,6
3,O,6
3,P,6
3,Q,6
3,R,6
3,S,6
3,T,6
3,U,6
3,V,6
3,W,6
3,X,6
3,Y,6
3,Z,6
4,i,4
4,d,12
4,_,4
4,a,4
4,b,4
4,c,4
4,e,4
4,f,4
4,g,4
4,h,4
4,j,4
4,k,4
4,l,4
4,m,4
4,n,4
4,o,4
4,p,4
4,q,4
4,r,4
4,s,4
4,t,4
4,u,4
4,v,4
4,w,4
4,x,4
4,y,4
4,z,4
4,0,4
4,1,4
4,2,4
4,3,4
4,4,4
4,5,4
4,6,4
4,7,4
4,8,4
4,9,4
4,=,10
4,",8
4,B,8
4,C,8
4,D,8
4,E,8
4,F,8
4,G,8
4,H,8
4,I,8
4,J,8
4,K,8
4,L,8
4,M,8
4,N,8
4,O,8
4,P,8
4,Q,8
4,R,8
4,S,8
4,T,8
4,U,8
4,V,8
4,W,8
4,X,8
4,Y,8
4,Z,8
5,i,10
5,d,10
5,_,10
5,a,10
5,b,10
5,c,10
5,e,10
5,f,10
5,g,10
5,h,10
5,j,10
5,k,10
5,l,10
5,m,10
5,n,10
5,o,10
5,p,10
5,q,10
5,r,10
5,s,10
5,t,10
5,u,10
5,v,10
5,w,10
5,x,10
5,y,10
5,z,10
5,0,10
5,1,10
5,2,10
5,3,10
5,4,10
5,5,10
5,6,10
5,7,10
5,8,10
5,9,10
5,=,11
5,",8
5,B,8
5,C,8
5,D,8
5,E,8
5,F,8
5,G,8
5,H,8
5,I,8
5,J,8
5,K,8
5,L,8
5,M,8
5,N,8
5,O,8
5,P,8
5,Q,8
5,R,8
5,S,8
5,T,8
5,U,8
5,V,8
5,W,8
5,X,8
5,Y,8
5,Z,8
6,i,7
6,d,7
6,_,8
6,a,7
6,b,7
6,c,7
6,e,7
6,f,7
6,g,7
6,h,7
6,j,7
6,k,7
6,l,7
6,m,7
6,n,7
6,o,7
6,p,7
6,q,7
6,r,7
6,s,7
6,t,7
6,u,7
6,v,7
6,w,7
6,x,7
6,y,7
6,z,7
6,0,8
6,1,8
6,2,8
6,3,8
6,4,8
6,5,8
6,6,8
6,7,8
6,8,8
6,9,8
6,=,8
6,",7
6,B,7
6,C,7
6,D,7
6,E,7
6,F,7
6,G,7
6,H,7
6,I,7
6,J,7
6,K,7
6,L,7
6,M,7
6,N,7
6,O,7
6,P,7
6,Q,7
6,R,7
6,S,7
6,T,7
6,U,7
6,V,7
6,W,7
6,X,7
6,Y,7
6,Z,7
7,i,6
7,d,6
7,_,8
7,a,6
7,b,6
7,c,6
7,e,6
7,f,6
7,g,6
7,h,6
7,j,6
7,k,6
7,l,6
7,m,6
7,n,6
7,o,6
7,p,6
7,q,6
7,r,6
7,s,6
7,t,6
7,u,6
7,v,6
7,w,6
7,x,6
7,y,6
7,z,6
7,0,8
7,1,8
7,2,8
7,3,8
7,4,8
7,5,8
7,6,8
7,7,8
7,8,8
7,9,8
7,=,8
7,",9
7,B,6
7,C,6
7,D,6
7,E,6
7,F,6
7,G,6
7,H,6
7,I,6
7,J,6
7,K,6
7,L,6
7,M,6
7,N,6
7,O,6
7,P,6
7,Q,6
7,R,6
7,S,6
7,T,6
7,U,6
7,V,6
7,W,6
7,X,6
7,Y,6
7,Z,6
8,i,8
8,d,8
8,_,8
8,a,8
8,b,8
8,c,8
8,e,8
8,f,8
8,g,8
8,h,8
8,j,8
8,k,8
8,l,8
8,m,8
8,n,8
8,o,8
8,p,8
8,q,8
8,r,8
8,s,8
8,t,8
8,u,8
8,v,8
8,w,8
8,x,8
8,y,8
8,z,8
8,0,8
8,1,8
8,2,8
8,3,8
8,4,8
8,5,8
8,6,8
8,7,8
8,8,8
8,9,8
8,=,8
8,",8
8,B,8
8,C,8
8,D,8
8,E,8
8,F,8
8,G,8
8,H,8
8,I,8
8,J,8
8,K,8
8,L,8
8,M,8
8,N,8
8,O,8
8,P,8
8,Q,8
8,R,8
8,S,8
8,T,8
8,U,8
8,V,8
8,W,8
8,X,8
8,Y,8
8,Z,8
9,i,7
9,d,7
9,_,8
9,a,7
9,b,7
9,c,7
9,e,7
9,f,7
9,g,7
9,h,7
9,j,7
9,k,7
9,l,7
9,m,7
9,n,7
9,o,7
9,p,7
9,q,7
9,r,7
9,s,7
9,t,7
9,u,7
9,v,7
9,w,7
9,x,7
9,y,7
9,z,7
9,0,8
9,1,8
9,2,8
9,3,8
9,4,8
9,5,8
9,6,8
9,7,8
9,8,8
9,9,8
9,=,8
9,",7
9,B,7
9,C,7
9,D,7
9,E,7
9,F,7
9,G,7
9,H,7
9,I,7
9,J,7
9,K,7
9,L,7
9,M,7
9,N,7
9,O,7
9,P,7
9,Q,7
9,R,7
9,S,7
9,T,7
9,U,7
9,V,7
9,W,7
9,X,7
9,Y,7
9,Z,7
10,i,10
10,d,10
10,_,10
10,a,10
10,b,10
10,c,10
10,e,10
10,f,10
10,g,10
10,h,10
10,j,10
10,k,10
10,l,10
10,m,10
10,n,10
10,o,10
10,p,10
10,q,10
10,r,10
10,s,10
10,t,10
10,u,10
10,v,10
10,w,10
10,x,10
10,y,10
10,z,10
10,0,10
10,1,10
10,2,10
10,3,10
10,4,10
10,5,10
10,6,10
10,7,10
10,8,10
10,9,10
10,=,10
10,",8
10,B,8
10,C,8
10,D,8
10,E,8
10,F,8
10,G,8
10,H,8
10,I,8
10,J,8
10,K,8
10,L,8
10,M,8
10,N,8
10,O,8
10,P,8
10,Q,8
10,R,8
10,S,8
10,T,8
10,U,8
10,V,8
10,W,8
10,X,8
10,Y,8
10,Z,8
11,i,10
11,d,10
11,_,10
11,a,10
11,b,10
11,c,10
11,e,10
11,f,10
11,g,10
11,h,10
11,j,10
11,k,10
11,l,10
11,m,10
11,n,10
11,o,10
11,p,10
11,q,10
11,r,10
11,s,10
11,t,10
11,u,10
11,v,10
11,w,10
11,x,10
11,y,10
11,z,10
11,0,10
11,1,10
11,2,10
11,3,10
11,4,10
11,5,10
11,6,10
11,7,10
11,8,10
11,9,10
11,=,11
11,",8
11,B,8
11,C,8
11,D,8
11,E,8
11,F,8
11,G,8
11,H,8
11,I,8
11,J,8
11,K,8
11,L,8
11,M,8
11,N,8
11,O,8
11,P,8
11,Q,8
11,R,8
11,S,8
11,T,8
11,U,8
11,V,8
11,W,8
11,X,8
11,Y,8
11,Z,8
12,i,4
12,d,4
12,_,13
12,a,4
12,b,4
12,c,4
12,e,4
12,f,4
12,g,4
12,h,4
12,j,4
12,k,4
12,l,4
12,m,4
12,n,4
12,o,4
12,p,4
12,q,4
12,r,4
12,s,4
12,t,4
12,u,4
12,v,4
12,w,4
12,x,4
12,y,4
12,z,4
12,0,4
12,1,4
12,2,4
12,3,4
12,4,4
12,5,4
12,6,4
12,7,4
12,8,4
12,9,4
12,=,10
12,",8
12,B,8
12,C,8
12,D,8
12,E,8
12,F,8
12,G,8
12,H,8
12,I,8
12,J,8
12,K,8
12,L,8
12,M,8
12,N,8
12,O,8
12,P,8
12,Q,8
12,R,8
12,S,8
12,T,8
12,U,8
12,V,8
12,W,8
12,X,8
12,Y,8
12,Z,8
13,i,13
13,d,13
13,_,4
13,a,13
13,b,13
13,c,13
13,e,13
13,f,13
13,g,13
13,h,13
13,j,13
13,k,13
13,l,13
13,m,13
13,n,13
13,o,13
13,p,13
13,q,13
13,r,13
13,s,13
13,t,13
13,u,13
13,v,13
13,w,13
13,x,13
13,y,13
13,z,13
13,0,13
13,1,13
13,2,13
13,3,13
13,4,13
13,5,13
13,6,13
13,7,13
13,8,13
13,9,13
13,=,10
13,",8
13,B,8
13,C,8
13,D,8
13,E,8
13,F,8
13,G,8
13,H,8
13,I,8
13,J,8
13,K,8
13,L,8
13,M,8
13,N,8
13,O,8
13,P,8
13,Q,8
13,R,8
13,S,8
13,T,8
13,U,8
13,V,8
13,W,8
13,X,8
13,Y,8
13,Z,8
14,i,3
14,d,16
14,_,4
14,a,3
14,b,3
14,c,3
14,e,3
14,f,3
14,g,3
14,h,3
14,j,3
14,k,3
14,l,3
14,m,3
14,n,3
14,o,3
14,p,3
14,q,3
14,r,3
14,s,3
14,t,3
14,u,3
14,v,3
14,w,3
14,x,3
14,y,3
14,z,3
14,0,4
14,1,4
14,2,4
14,3,4
14,4,4
14,5,4
14,6,4
14,7,4
14,8,4
14,9,4
14,=,10
14,",7
14,B,7
14,C,7
14,D,7
14,E,7
14,F,7
14,G,7
14,H,7
14,I,7
14,J,7
14,K,7
14,L,7
14,M,7
14,N,7
14,O,7
14,P,7
14,Q,7
14,R,7
14,S,7
14,T,7
14,U,7
14,V,7
14,W,7
14,X,7
14,Y,7
14,Z,7
15,i,3
15,d,3
15,_,13
15,a,3
15,b,3
15,c,3
15,e,3
15,f,3
15,g,3
15,h,3
15,j,3
15,k,3
15,l,3
15,m,3
15,n,3
15,o,3
15,p,3
15,q,3
15,r,3
15,s,3
15,t,3
15,u,3
15,v,3
15,w,3
15,x,3
15,y,3
15,z,3
15,0,4
15,1,4
15,2,4
15,3,4
15,4,4
15,5,4
15,6,4
15,7,4
15,8,4
15,9,4
15,=,10
15,",7
15,B,7
15,C,7
15,D,7
15,E,7
15,F,7
15,G,7
15,H,7
15,I,7
15,J,7
15,K,7
15,L,7
15,M,7
15,N,7
15,O,7
15,P,7
15,Q,7
15,R,7
15,S,7
15,T,7
15,U,7
15,V,7
15,W,7
15,X,7
15,Y,7
15,Z,7
16,i,14
16,d,14
16,_,13
16,a,14
16,b,14
16,c,14
16,e,14
16,f,14
16,g,14
16,h,14
16,j,14
16,k,14
16,l,14
16,m,14
16,n,14
16,o,14
16,p,14
16,q,14
16,r,14
16,s,14
16,t,14
16,u,14
16,v,14
16,w,14
16,x,14
16,y,14
16,z,14
16,0,4
16,1,4
16,2,4
16,3,4
16,4,4
16,5,4
16,6,4
16,7,4
16,8,4
16,9,4
16,=,10
16,",9
16,B,6
16,C,6
16,D,6
16,E,6
16,F,6
16,G,6
16,H,6
16,I,6
16,J,6
16,K,6
16,L,6
16,M,6
16,N,6
16,O,6
16,P,6
16,Q,6
16,R,6
16,S,6
16,T,6
16,U,6
16,V,6
16,W,6
16,X,6
16,Y,6
16,Z,6
17,0,17
17,1,17
17,2,17
17,3,17
17,4,17
17,5,17
17,6,17
17,7,17
17,8,17
17,9,17